orbl_interp = [    0.4 0.4 0.4
    0.7079    0.4357    0.2296
    0.7138    0.4401    0.2317
    0.7197    0.4444    0.2338
    0.7257    0.4488    0.2360
    0.7316    0.4531    0.2381
    0.7375    0.4575    0.2402
    0.7435    0.4618    0.2424
    0.7494    0.4662    0.2445
    0.7553    0.4706    0.2466
    0.7612    0.4749    0.2488
    0.7672    0.4793    0.2509
    0.7731    0.4836    0.2530
    0.7790    0.4880    0.2551
    0.7850    0.4923    0.2573
    0.7909    0.4967    0.2594
    0.7968    0.5010    0.2615
    0.8027    0.5054    0.2637
    0.8087    0.5097    0.2658
    0.8146    0.5141    0.2679
    0.8205    0.5184    0.2701
    0.8265    0.5228    0.2722
    0.8324    0.5272    0.2743
    0.8383    0.5315    0.2765
    0.8442    0.5359    0.2786
    0.8502    0.5402    0.2807
    0.8561    0.5446    0.2828
    0.8620    0.5489    0.2850
    0.8680    0.5533    0.2871
    0.8739    0.5576    0.2892
    0.8798    0.5620    0.2914
    0.8857    0.5663    0.2935
    0.8917    0.5707    0.2956
    0.8976    0.5751    0.2978
    0.9035    0.5794    0.2999
    0.9095    0.5838    0.3020
    0.9154    0.5881    0.3042
    0.9213    0.5925    0.3063
    0.9273    0.5968    0.3084
    0.9332    0.6012    0.3105
    0.9391    0.6055    0.3127
    0.9450    0.6099    0.3148
    0.9510    0.6142    0.3169
    0.9532    0.6187    0.3231
    0.9537    0.6233    0.3314
    0.9542    0.6278    0.3396
    0.9546    0.6323    0.3479
    0.9551    0.6369    0.3561
    0.9556    0.6414    0.3644
    0.9560    0.6459    0.3726
    0.9565    0.6505    0.3809
    0.9570    0.6550    0.3891
    0.9574    0.6596    0.3973
    0.9579    0.6641    0.4056
    0.9583    0.6686    0.4138
    0.9588    0.6732    0.4221
    0.9593    0.6777    0.4303
    0.9597    0.6823    0.4386
    0.9602    0.6868    0.4468
    0.9607    0.6913    0.4551
    0.9611    0.6959    0.4633
    0.9616    0.7004    0.4715
    0.9621    0.7050    0.4798
    0.9625    0.7095    0.4880
    0.9630    0.7140    0.4963
    0.9634    0.7186    0.5045
    0.9639    0.7231    0.5128
    0.9644    0.7277    0.5210
    0.9648    0.7322    0.5293
    0.9653    0.7367    0.5375
    0.9658    0.7413    0.5457
    0.9662    0.7458    0.5540
    0.9667    0.7503    0.5622
    0.9671    0.7549    0.5705
    0.9676    0.7594    0.5787
    0.9681    0.7640    0.5870
    0.9685    0.7685    0.5952
    0.9690    0.7730    0.6035
    0.9695    0.7776    0.6117
    0.9699    0.7821    0.6199
    0.9704    0.7867    0.6282
    0.9709    0.7912    0.6364
    0.9713    0.7957    0.6447
    0.9718    0.8003    0.6529
    0.9722    0.8048    0.6612
    0.9717    0.8083    0.6682
    0.9692    0.8097    0.6730
    0.9667    0.8111    0.6777
    0.9642    0.8125    0.6824
    0.9617    0.8139    0.6871
    0.9592    0.8153    0.6919
    0.9567    0.8166    0.6966
    0.9542    0.8180    0.7013
    0.9517    0.8194    0.7060
    0.9492    0.8208    0.7108
    0.9467    0.8222    0.7155
    0.9442    0.8236    0.7202
    0.9417    0.8250    0.7249
    0.9392    0.8264    0.7297
    0.9367    0.8278    0.7344
    0.9342    0.8291    0.7391
    0.9317    0.8305    0.7438
    0.9292    0.8319    0.7486
    0.9267    0.8333    0.7533
    0.9242    0.8347    0.7580
    0.9217    0.8361    0.7627
    0.9192    0.8375    0.7675
    0.9167    0.8389    0.7722
    0.9142    0.8403    0.7769
    0.9117    0.8417    0.7816
    0.9092    0.8430    0.7864
    0.9067    0.8444    0.7911
    0.9042    0.8458    0.7958
    0.9017    0.8472    0.8005
    0.8992    0.8486    0.8052
    0.8967    0.8500    0.8100
    0.8942    0.8514    0.8147
    0.8917    0.8528    0.8194
    0.8892    0.8542    0.8241
    0.8867    0.8556    0.8289
    0.8842    0.8569    0.8336
    0.8817    0.8583    0.8383
    0.8792    0.8597    0.8430
    0.8767    0.8611    0.8478
    0.8742    0.8625    0.8525
    0.8717    0.8639    0.8572
    0.8692    0.8653    0.8619
    0.8667    0.8667    0.8667
    0.8516    0.8650    0.8681
    0.8365    0.8633    0.8694
    0.8214    0.8617    0.8708
    0.8063    0.8600    0.8722
    0.7912    0.8583    0.8736
    0.7761    0.8567    0.8750
    0.7610    0.8550    0.8764
    0.7459    0.8533    0.8778
    0.7308    0.8517    0.8792
    0.7157    0.8500    0.8806
    0.7006    0.8483    0.8820
    0.6855    0.8467    0.8833
    0.6704    0.8450    0.8847
    0.6553    0.8433    0.8861
    0.6402    0.8417    0.8875
    0.6251    0.8400    0.8889
    0.6100    0.8383    0.8903
    0.5949    0.8367    0.8917
    0.5798    0.8350    0.8931
    0.5647    0.8333    0.8945
    0.5496    0.8317    0.8958
    0.5345    0.8300    0.8972
    0.5194    0.8283    0.8986
    0.5043    0.8266    0.9000
    0.4892    0.8250    0.9014
    0.4741    0.8233    0.9028
    0.4590    0.8216    0.9042
    0.4439    0.8200    0.9056
    0.4288    0.8183    0.9070
    0.4137    0.8166    0.9084
    0.3986    0.8150    0.9097
    0.3835    0.8133    0.9111
    0.3684    0.8116    0.9125
    0.3533    0.8100    0.9139
    0.3382    0.8083    0.9153
    0.3231    0.8066    0.9167
    0.3080    0.8050    0.9181
    0.2929    0.8033    0.9195
    0.2778    0.8016    0.9209
    0.2627    0.8000    0.9222
    0.2476    0.7983    0.9236
    0.2325    0.7966    0.9250
    0.2276    0.7929    0.9244
    0.2278    0.7881    0.9227
    0.2279    0.7832    0.9210
    0.2281    0.7784    0.9194
    0.2283    0.7736    0.9177
    0.2285    0.7688    0.9160
    0.2287    0.7640    0.9144
    0.2289    0.7591    0.9127
    0.2291    0.7543    0.9110
    0.2292    0.7495    0.9094
    0.2294    0.7447    0.9077
    0.2296    0.7399    0.9060
    0.2298    0.7351    0.9044
    0.2300    0.7302    0.9027
    0.2302    0.7254    0.9010
    0.2304    0.7206    0.8994
    0.2305    0.7158    0.8977
    0.2307    0.7110    0.8960
    0.2309    0.7062    0.8944
    0.2311    0.7013    0.8927
    0.2313    0.6965    0.8910
    0.2315    0.6917    0.8894
    0.2317    0.6869    0.8877
    0.2318    0.6821    0.8860
    0.2320    0.6773    0.8844
    0.2322    0.6724    0.8827
    0.2324    0.6676    0.8810
    0.2326    0.6628    0.8794
    0.2328    0.6580    0.8777
    0.2329    0.6532    0.8760
    0.2331    0.6484    0.8744
    0.2333    0.6435    0.8727
    0.2335    0.6387    0.8710
    0.2337    0.6339    0.8694
    0.2339    0.6291    0.8677
    0.2341    0.6243    0.8660
    0.2342    0.6195    0.8644
    0.2344    0.6146    0.8627
    0.2346    0.6098    0.8610
    0.2348    0.6050    0.8593
    0.2350    0.6002    0.8577
    0.2352    0.5954    0.8560
    0.2348    0.5907    0.8529
    0.2332    0.5865    0.8468
    0.2316    0.5822    0.8406
    0.2300    0.5780    0.8345
    0.2285    0.5737    0.8284
    0.2269    0.5694    0.8223
    0.2253    0.5652    0.8162
    0.2237    0.5609    0.8101
    0.2222    0.5566    0.8040
    0.2206    0.5524    0.7978
    0.2190    0.5481    0.7917
    0.2174    0.5439    0.7856
    0.2159    0.5396    0.7795
    0.2143    0.5353    0.7734
    0.2127    0.5311    0.7673
    0.2111    0.5268    0.7612
    0.2096    0.5226    0.7550
    0.2080    0.5183    0.7489
    0.2064    0.5140    0.7428
    0.2048    0.5098    0.7367
    0.2033    0.5055    0.7306
    0.2017    0.5013    0.7245
    0.2001    0.4970    0.7184
    0.1985    0.4927    0.7122
    0.1970    0.4885    0.7061
    0.1954    0.4842    0.7000
    0.1938    0.4799    0.6939
    0.1922    0.4757    0.6878
    0.1907    0.4714    0.6817
    0.1891    0.4672    0.6756
    0.1875    0.4629    0.6694
    0.1860    0.4586    0.6633
    0.1844    0.4544    0.6572
    0.1828    0.4501    0.6511
    0.1812    0.4459    0.6450
    0.1797    0.4416    0.6389
    0.1781    0.4373    0.6328
    0.1765    0.4331    0.6266
    0.1749    0.4288    0.6205
    0.1734    0.4245    0.6144
    0.1718    0.4203    0.6083
    0.1702    0.4160    0.6022
    0.1686    0.4118    0.5961];